,User1,User2,Gender,Age,Education,joyous_ex_self,deprivation_sens_self,stress_tol_self,social_cur_self,thrill_seek_self,joyous_ex_reflection,deprivation_sens_reflection,stress_tol_reflection,social_cur_reflection,thrill_seek_reflection,possible_7,possible_6,possible_5,possible_2,possible_3,possible_1,possible_4
2,1004.0,1003.0,1.0,24.0,1.0,4.8,5.0,4.4,5.0,3.8,6.0,5.6,4.4,5.0,4.6,0.9230414214837892,0.8460828429675782,0.4615207107418946,0.6922810661128418,0.9230414214837892,0.7692396446290527,0.9230414214837892
3,1003.0,1004.0,2.0,26.0,1.0,6.0,5.4,3.6,5.4,5.6,5.2,4.2,1.6,3.4,2.0,0.9230414214837892,0.8460828429675782,0.4615207107418946,0.6922810661128418,0.9230414214837892,0.7692396446290527,0.9230414214837892
4,1005.0,1006.0,1.0,27.0,3.0,5.2,4.8,3.2,3.6,3.2,6.0,4.6,2.8,3.4,3.2,0.8460828429675782,1.0,0.9230414214837892,1.0,0.9230414214837892,0.7692396446290527,0.9230414214837892
5,1006.0,1005.0,1.0,23.0,1.0,6.4,4.6,4.4,4.4,2.0,4.6,3.6,3.6,3.8,2.6,0.8460828429675782,1.0,0.9230414214837892,1.0,0.9230414214837892,0.7692396446290527,0.9230414214837892
6,1007.0,1008.0,2.0,25.0,7.0,6.6,5.6,3.8,5.2,5.4,5.8,5.0,5.2,5.6,5.6,0.9230414214837892,1.0,1.0,0.6153224875966309,1.0,0.5384792892581055,0.6922810661128418
7,1008.0,1007.0,1.0,25.0,6.0,6.6,6.4,6.0,4.8,2.6,5.2,4.6,3.25,4.6,4.8,0.9230414214837892,1.0,1.0,0.6153224875966309,1.0,0.5384792892581055,0.6922810661128418
8,1009.0,1010.0,2.0,26.0,1.0,5.2,5.6,2.8,3.0,2.2,5.2,5.2,4.2,3.8,4.8,1.0,0.6922810661128418,0.8460828429675782,1.0,0.6153224875966309,0.6153224875966309,0.7692396446290527
9,1010.0,1009.0,1.0,34.0,1.0,7.0,5.8,3.6,2.8,2.2,5.2,5.0,3.8,4.4,1.8,1.0,0.6922810661128418,0.8460828429675782,1.0,0.6153224875966309,0.6153224875966309,0.7692396446290527
10,1011.0,1012.0,1.0,25.0,8.0,5.0,5.0,2.8,4.6,2.8,6.0,5.8,5.6,4.4,2.8,0.8460828429675782,0.8460828429675782,1.0,0.9230414214837892,0.5384792892581055,0.8460828429675782,0.5384792892581055
11,1012.0,1011.0,2.0,26.0,1.0,5.6,4.0,3.0,3.8,3.6,5.0,4.6,3.2,3.2,3.4,0.8460828429675782,0.8460828429675782,1.0,0.9230414214837892,0.5384792892581055,0.8460828429675782,0.5384792892581055
12,1013.0,1014.0,1.0,25.0,1.0,4.2,3.6,2.4,4.2,4.0,5.6,3.8,3.2,3.8,4.0,1.0,1.0,0.9230414214837892,0.6922810661128418,0.5384792892581055,1.0,0.8460828429675782
13,1014.0,1013.0,2.0,27.0,6.0,5.8,4.4,3.6,4.8,3.8,4.0,4.4,4.6,2.8,2.2,1.0,1.0,0.9230414214837892,0.6922810661128418,0.5384792892581055,1.0,0.8460828429675782
14,1016.0,1015.0,1.0,25.0,4.0,6.4,3.2,3.0,6.0,5.0,4.0,2.0,1.2,3.4,2.2,0.7692396446290527,0.5384792892581055,0.8460828429675782,1.0,0.9230414214837892,0.5384792892581055,0.6922810661128418
15,1015.0,1016.0,1.0,24.0,3.0,4.8,5.0,2.4,2.8,1.2,6.2,5.4,3.6,4.4,2.2,0.7692396446290527,0.5384792892581055,0.8460828429675782,1.0,0.9230414214837892,0.5384792892581055,0.6922810661128418
16,1017.0,1018.0,1.0,25.0,1.0,4.0,3.8,3.8,5.0,2.8,6.0,5.6,4.0,3.4,3.6,0.6153224875966309,0.6922810661128418,0.6922810661128418,0.8460828429675782,0.7692396446290527,0.7692396446290527,0.7692396446290527
17,1018.0,1017.0,1.0,35.0,7.0,6.8,5.0,1.8,4.0,6.0,4.8,3.8,2.8,4.2,4.0,0.6153224875966309,0.6922810661128418,0.6922810661128418,0.8460828429675782,0.7692396446290527,0.7692396446290527,0.7692396446290527
18,1020.0,1019.0,2.0,23.0,1.0,5.4,4.8,4.2,3.8,4.2,5.0,4.6,4.6,3.6,4.2,0.7692396446290527,0.9230414214837892,0.8460828429675782,1.0,0.7692396446290527,0.6922810661128418,0.7692396446290527
19,1019.0,1020.0,2.0,28.0,6.0,6.2,4.6,3.8,7.0,3.8,5.4,4.6,3.8,4.6,5.2,0.7692396446290527,0.9230414214837892,0.8460828429675782,1.0,0.7692396446290527,0.6922810661128418,0.7692396446290527
20,1021.0,1022.0,2.0,26.0,1.0,5.4,4.6,2.8,4.6,5.0,3.8,2.4,2.6,1.8,3.8,0.8460828429675782,0.6153224875966309,1.0,1.0,1.0,0.8460828429675782,0.5384792892581055
21,1022.0,1021.0,1.0,27.0,4.0,5.2,4.4,3.4,4.0,2.6,4.6,4.4,5.0,4.2,3.2,0.8460828429675782,0.6153224875966309,1.0,1.0,1.0,0.8460828429675782,0.5384792892581055
